HMMER3/f [3.1b2 | February 2015]
NAME  cohesin
LENG  121
ALPH  amino
RF    no
MM    no
CONS  yes
CS    no
MAP   yes
DATE  Sun Nov  6 23:50:57 2016
NSEQ  3
EFFN  0.682617
CKSUM 1804289879
STATS LOCAL MSV      -10.2425  0.71326
STATS LOCAL VITERBI  -10.6869  0.71326
STATS LOCAL FORWARD   -4.4570  0.71326
HMM          A        C        D        E        F        G        H        I        K        L        M        N        P        Q        R        S        T        V        W        Y   
            m->m     m->i     m->d     i->m     i->i     d->m     d->d
  COMPO   2.64683  3.36514  2.88522  2.58677  3.46786  2.74589  3.93740  2.75428  2.57927  2.56631  3.83736  2.92289  3.76710  3.17952  3.16253  2.58962  2.88710  2.66988  4.92458  3.15585
          2.68618  4.42225  2.77519  2.73123  3.46354  2.40513  3.72494  3.29354  2.67741  2.69355  4.24690  2.90347  2.73739  3.18146  2.89801  2.37887  2.77519  2.98518  4.58477  3.61503
          0.02759  3.99999  4.72234  0.61958  0.77255  0.00000        *
      1   2.05585  4.91549  2.57132  1.48077  4.35724  3.27215  3.78443  3.68620  2.64055  3.35634  4.23113  2.89512  3.83978  2.95980  3.08843  2.73084  3.02151  3.33677  5.61093  4.25129      1 e - - -
          2.68618  4.42225  2.77519  2.73123  3.46354  2.40513  3.72494  3.29354  2.67741  2.69355  4.24690  2.90347  2.73739  3.18146  2.89801  2.37887  2.77519  2.98518  4.58477  3.61503
          0.02759  3.99999  4.72234  0.61958  0.77255  0.48576  0.95510
      2   2.83045  4.59176  3.53022  3.44657  4.58372  0.55690  4.55772  4.21564  3.64509  3.85339  4.83120  3.69471  3.98692  3.95928  3.86585  3.00625  3.32163  3.71937  5.64383  4.69041      2 G - - -
          2.68618  4.42225  2.77519  2.73123  3.46354  2.40513  3.72494  3.29354  2.67741  2.69355  4.24690  2.90347  2.73739  3.18146  2.89801  2.37887  2.77519  2.98518  4.58477  3.61503
          0.02759  3.99999  4.72234  0.61958  0.77255  0.48576  0.95510
      3   3.43553  4.87272  4.02839  3.78303  2.30768  3.98016  3.68461  3.42740  3.63695  2.84807  4.08948  3.88340  4.45168  3.91217  3.79393  3.55899  3.72319  3.30417  3.95586  0.77750      3 y - - -
          2.68618  4.42225  2.77519  2.73123  3.46354  2.40513  3.72494  3.29354  2.67741  2.69355  4.24690  2.90347  2.73739  3.18146  2.89801  2.37887  2.77519  2.98518  4.58477  3.61503
          0.02759  3.99999  4.72234  0.61958  0.77255  0.48576  0.95510
      4   2.84865  4.74268  3.26694  2.80017  3.27894  3.59545  3.66830  3.32513  1.88405  2.91909  3.86789  3.22004  4.01239  3.01933  2.74520  2.93812  3.07775  3.08352  4.75523  1.85513      4 y - - -
          2.68618  4.42225  2.77519  2.73123  3.46354  2.40513  3.72494  3.29354  2.67741  2.69355  4.24690  2.90347  2.73739  3.18146  2.89801  2.37887  2.77519  2.98518  4.58477  3.61503
          0.02759  3.99999  4.72234  0.61958  0.77255  0.48576  0.95510
      5   2.08260  4.31582  4.11951  3.67296  3.56893  3.79930  4.48665  1.34126  3.56506  2.26394  3.45423  3.90913  4.29220  3.88277  3.81209  3.19067  3.09102  1.90798  5.30573  4.08521      5 i - - -
          2.68618  4.42225  2.77519  2.73123  3.46354  2.40513  3.72494  3.29354  2.67741  2.69355  4.24690  2.90347  2.73739  3.18146  2.89801  2.37887  2.77519  2.98518  4.58477  3.61503
          0.02759  3.99999  4.72234  0.61958  0.77255  0.48576  0.95510
      6   2.51936  4.29281  3.54697  3.11654  3.63392  3.37158  4.05749  2.00118  3.04205  2.62915  3.64075  3.41588  3.93709  3.38965  3.35024  1.68272  2.86980  2.48689  5.15255  3.87785      6 s - - -
          2.68618  4.42225  2.77519  2.73123  3.46354  2.40513  3.72494  3.29354  2.67741  2.69355  4.24690  2.90347  2.73739  3.18146  2.89801  2.37887  2.77519  2.98518  4.58477  3.61503
          0.02759  3.99999  4.72234  0.61958  0.77255  0.48576  0.95510
      7   2.11232  4.86495  2.72732  2.39947  4.26644  3.30620  3.69813  3.70228  2.47293  3.28540  4.11245  2.18801  3.81405  2.21594  2.89421  2.67029  2.93055  3.33429  5.48608  4.13900      7 a - - -
          2.68618  4.42225  2.77519  2.73123  3.46354  2.40513  3.72494  3.29354  2.67741  2.69355  4.24690  2.90347  2.73739  3.18146  2.89801  2.37887  2.77519  2.98518  4.58477  3.61503
          0.02759  3.99999  4.72234  0.61958  0.77255  0.48576  0.95510
      8   2.97175  5.54312  1.33500  1.58731  4.82764  3.22328  3.78253  4.34828  2.81552  3.85300  4.71527  2.68830  3.85347  2.95265  3.41790  2.85028  3.26392  3.92253  6.00328  4.49581      8 d - - -
          2.68618  4.42225  2.77519  2.73123  3.46354  2.40513  3.72494  3.29354  2.67741  2.69355  4.24690  2.90347  2.73739  3.18146  2.89801  2.37887  2.77519  2.98518  4.58477  3.61503
          0.02759  3.99999  4.72234  0.61958  0.77255  0.48576  0.95510
      9   2.71899  4.71604  3.24194  2.66344  3.91297  3.53016  3.66967  2.50278  2.28625  2.88431  3.78850  3.11912  3.91618  2.22857  2.12182  2.80260  2.93775  3.01474  5.19326  3.92915      9 r - - -
          2.68618  4.42225  2.77519  2.73123  3.46354  2.40513  3.72494  3.29354  2.67741  2.69355  4.24690  2.90347  2.73739  3.18146  2.89801  2.37887  2.77519  2.98518  4.58477  3.61503
          0.02759  3.99999  4.72234  0.61958  0.77255  0.48576  0.95510
     10   2.67523  4.91615  1.82730  2.32136  4.45963  3.18768  3.81466  3.94854  2.76535  3.54013  4.37906  2.84616  3.80302  2.99436  3.27276  1.59764  3.01589  3.51844  5.71239  4.30771     10 s - - -
          2.68618  4.42225  2.77519  2.73123  3.46354  2.40513  3.72494  3.29354  2.67741  2.69355  4.24690  2.90347  2.73739  3.18146  2.89801  2.37887  2.77519  2.98518  4.58477  3.61503
          0.02759  3.99999  4.72234  0.61958  0.77255  0.48576  0.95510
     11   3.09191  5.05740  3.27617  2.87575  4.47302  3.56592  3.83507  3.91067  0.87626  3.44873  4.40481  3.29404  4.05849  3.02040  2.46297  3.12642  3.33645  3.61180  5.47643  4.30822     11 k - - -
          2.68618  4.42225  2.77519  2.73123  3.46354  2.40513  3.72494  3.29354  2.67741  2.69355  4.24690  2.90347  2.73739  3.18146  2.89801  2.37887  2.77519  2.98518  4.58477  3.61503
          0.02759  3.99999  4.72234  0.61958  0.77255  0.48576  0.95510
     12   2.60794  4.77653  2.90760  2.48882  4.23885  3.31764  3.69521  3.66001  1.92037  3.24200  4.06391  2.97208  2.62210  2.85217  2.79079  2.12047  2.89228  3.28774  5.43966  4.12431     12 k - - -
          2.68618  4.42225  2.77519  2.73123  3.46354  2.40513  3.72494  3.29354  2.67741  2.69355  4.24690  2.90347  2.73739  3.18146  2.89801  2.37887  2.77519  2.98518  4.58477  3.61503
          0.02759  3.99999  4.72234  0.61958  0.77255  0.48576  0.95510
     13   3.30049  4.72582  4.39378  4.03571  3.18817  4.14311  4.65153  2.40079  3.80219  0.73278  3.17401  4.29876  4.55752  4.13994  3.95679  3.73108  3.58949  2.47095  5.11217  3.86443     13 l - - -
          2.68618  4.42225  2.77519  2.73123  3.46354  2.40513  3.72494  3.29354  2.67741  2.69355  4.24690  2.90347  2.73739  3.18146  2.89801  2.37887  2.77519  2.98518  4.58477  3.61503
          0.02759  3.99999  4.72234  0.61958  0.77255  0.48576  0.95510
     14   3.13109  4.51651  4.51347  4.13536  3.46261  4.20148  4.84116  0.93270  3.96592  2.02432  3.37992  4.36300  4.62188  4.30207  4.14810  3.71044  3.42859  1.85728  5.37869  4.12693     14 i - - -
          2.68618  4.42225  2.77519  2.73123  3.46354  2.40513  3.72494  3.29354  2.67741  2.69355  4.24690  2.90347  2.73739  3.18146  2.89801  2.37887  2.77519  2.98518  4.58477  3.61503
          0.02759  3.99999  4.72234  0.61958  0.77255  0.48576  0.95510
     15   2.83959  4.63169  3.46523  2.95402  3.63675  3.65667  3.85906  2.89501  1.96342  1.58026  3.59972  3.35751  4.06501  3.11259  2.76492  3.00914  3.07406  2.74722  5.11709  3.85730     15 l - - -
          2.68618  4.42225  2.77519  2.73123  3.46354  2.40513  3.72494  3.29354  2.67741  2.69355  4.24690  2.90347  2.73739  3.18146  2.89801  2.37887  2.77519  2.98518  4.58477  3.61503
          0.02759  3.99999  4.72234  0.61958  0.77255  0.48576  0.95510
     16   2.72975  1.88125  4.24672  3.75469  3.33328  3.69929  4.35646  2.31791  3.55436  1.63069  3.34128  3.90366  4.20589  3.85756  3.74119  3.10771  3.05529  2.18861  5.03137  3.78078     16 l - - -
          2.68618  4.42225  2.77519  2.73123  3.46354  2.40513  3.72494  3.29354  2.67741  2.69355  4.24690  2.90347  2.73739  3.18146  2.89801  2.37887  2.77519  2.98518  4.58477  3.61503
          0.02759  3.99999  4.72234  0.61958  0.77255  0.48576  0.95510
     17   2.70622  4.89715  2.87550  2.02887  4.07205  3.42798  3.62969  3.56043  1.96754  3.14224  3.98011  2.95045  3.85210  2.79426  2.71951  2.72354  2.93416  3.24288  5.31291  2.68323     17 k - - -
          2.68618  4.42225  2.77519  2.73123  3.46354  2.40513  3.72494  3.29354  2.67741  2.69355  4.24690  2.90347  2.73739  3.18146  2.89801  2.37887  2.77519  2.98518  4.58477  3.61503
          0.02759  3.99999  4.72234  0.61958  0.77255  0.48576  0.95510
     18   3.09191  5.05740  3.27617  2.87575  4.47302  3.56592  3.83507  3.91067  0.87626  3.44873  4.40481  3.29404  4.05849  3.02040  2.46297  3.12642  3.33645  3.61180  5.47643  4.30822     18 k - - -
          2.68618  4.42225  2.77519  2.73123  3.46354  2.40513  3.72494  3.29354  2.67741  2.69355  4.24690  2.90347  2.73739  3.18146  2.89801  2.37887  2.77519  2.98518  4.58477  3.61503
          0.02759  3.99999  4.72234  0.61958  0.77255  0.48576  0.95510
     19   2.21557  2.18147  3.82942  3.45642  3.98638  2.98499  4.28857  3.31656  3.35903  3.10963  3.99706  3.46521  3.72703  3.65194  3.59665  1.35836  2.69730  2.89284  5.41657  4.20720     19 s - - -
          2.68618  4.42225  2.77519  2.73123  3.46354  2.40513  3.72494  3.29354  2.67741  2.69355  4.24690  2.90347  2.73739  3.18146  2.89801  2.37887  2.77519  2.98518  4.58477  3.61503
          0.02759  3.99999  4.72234  0.61958  0.77255  0.48576  0.95510
     20   2.69921  4.47520  3.36142  2.22618  3.58660  3.62009  3.90648  2.59564  2.80856  2.02255  3.49872  3.31314  4.02079  3.17255  3.17007  2.90531  2.94238  2.01181  5.11121  3.85302     20 v - - -
          2.68618  4.42225  2.77519  2.73123  3.46354  2.40513  3.72494  3.29354  2.67741  2.69355  4.24690  2.90347  2.73739  3.18146  2.89801  2.37887  2.77519  2.98518  4.58477  3.61503
          0.02759  3.99999  4.72234  0.61958  0.77255  0.48576  0.95510
     21   2.63055  4.88415  1.94379  2.32071  4.47788  2.26065  3.78801  3.95025  2.71573  3.51754  4.33360  2.84241  3.78257  2.95506  3.22520  1.95587  2.96630  3.50520  5.70681  4.31401     21 d - - -
          2.68618  4.42225  2.77519  2.73123  3.46354  2.40513  3.72494  3.29354  2.67741  2.69355  4.24690  2.90347  2.73739  3.18146  2.89801  2.37887  2.77519  2.98518  4.58477  3.61503
          0.02759  3.99999  4.72234  0.61958  0.77255  0.48576  0.95510
     22   2.83328  4.83142  2.78572  2.68485  4.21537  3.27278  4.03021  3.95482  2.94548  3.58763  4.54328  0.95066  3.93158  3.30444  3.30338  2.89640  3.22012  3.56407  5.50678  4.15552     22 n - - -
          2.68618  4.42225  2.77519  2.73123  3.46354  2.40513  3.72494  3.29354  2.67741  2.69355  4.24690  2.90347  2.73739  3.18146  2.89801  2.37887  2.77519  2.98518  4.58477  3.61503
          0.02759  3.99999  4.72234  0.61958  0.77255  0.48576  0.95510
     23   2.87600  5.33608  1.45956  2.17604  4.60941  3.26045  3.74087  4.14130  2.66765  3.65475  4.50335  2.74844  3.84372  2.04998  3.19429  2.79544  3.15495  3.73968  5.80033  4.34394     23 d - - -
          2.68618  4.42225  2.77519  2.73123  3.46354  2.40513  3.72494  3.29354  2.67741  2.69355  4.24690  2.90347  2.73739  3.18146  2.89801  2.37887  2.77519  2.98518  4.58477  3.61503
          0.02759  3.99999  4.72234  0.61958  0.77255  0.48576  0.95510
     24   2.55493  4.62586  2.72635  2.58126  4.41076  1.56251  3.96599  3.93544  2.88967  3.54910  4.39665  1.94922  3.79499  3.18281  3.30084  2.63590  2.96322  3.45366  5.67294  4.35042     24 g - - -
          2.68618  4.42225  2.77519  2.73123  3.46354  2.40513  3.72494  3.29354  2.67741  2.69355  4.24690  2.90347  2.73739  3.18146  2.89801  2.37887  2.77519  2.98518  4.58477  3.61503
          0.02759  3.99999  4.72234  0.61958  0.77255  0.48576  0.95510
     25   2.88763  4.43112  3.95170  3.48572  2.70697  3.83093  3.86120  2.61936  3.34174  2.34593  3.47818  3.70935  4.24248  3.63107  3.57295  3.17459  3.15143  1.90210  4.35515  1.61900     25 y - - -
          2.68618  4.42225  2.77519  2.73123  3.46354  2.40513  3.72494  3.29354  2.67741  2.69355  4.24690  2.90347  2.73739  3.18146  2.89801  2.37887  2.77519  2.98518  4.58477  3.61503
          0.02759  3.99999  4.72234  0.61958  0.77255  0.48576  0.95510
     26   3.59353  4.85531  4.55338  4.22733  1.45849  4.34687  3.46821  3.29918  4.07974  2.64094  3.90208  4.03129  4.66243  4.07772  4.13729  3.71423  3.81797  3.22069  3.61823  1.06610     26 y - - -
          2.68618  4.42225  2.77519  2.73123  3.46354  2.40513  3.72494  3.29354  2.67741  2.69355  4.24690  2.90347  2.73739  3.18146  2.89801  2.37887  2.77519  2.98518  4.58477  3.61503
          0.02759  3.99999  4.72234  0.61958  0.77255  0.48576  0.95510
     27   3.25502  4.59113  4.77411  4.24851  3.16641  4.50271  4.84895  1.62011  4.07371  1.04855  2.99288  4.51192  4.73173  4.27342  4.22780  3.87499  3.49321  2.03900  5.22180  4.07583     27 l - - -
          2.68618  4.42225  2.77519  2.73123  3.46354  2.40513  3.72494  3.29354  2.67741  2.69355  4.24690  2.90347  2.73739  3.18146  2.89801  2.37887  2.77519  2.98518  4.58477  3.61503
          0.02759  3.99999  4.72234  0.61958  0.77255  0.48576  0.95510
     28   2.80139  4.99936  3.10470  2.57104  4.40285  2.50661  3.62163  3.79721  1.71283  3.31072  4.14132  3.04020  3.90461  2.75933  1.93984  2.80889  3.02102  3.44966  5.43621  4.17587     28 k - - -
          2.68618  4.42225  2.77519  2.73123  3.46354  2.40513  3.72494  3.29354  2.67741  2.69355  4.24690  2.90347  2.73739  3.18146  2.89801  2.37887  2.77519  2.98518  4.58477  3.61503
          0.02759  3.99999  4.72234  0.61958  0.77255  0.48576  0.95510
     29   2.80287  5.21293  2.54910  1.86954  4.54073  3.34806  3.64865  3.99446  1.91604  3.49590  4.30757  2.13143  3.84184  2.78574  2.77942  2.74992  3.04448  3.60535  5.63634  4.25760     29 e - - -
          2.68618  4.42225  2.77519  2.73123  3.46354  2.40513  3.72494  3.29354  2.67741  2.69355  4.24690  2.90347  2.73739  3.18146  2.89801  2.37887  2.77519  2.98518  4.58477  3.61503
          0.02759  3.99999  4.72234  0.61958  0.77255  0.48576  0.95510
     30   2.65396  4.74331  2.99067  2.52950  4.03087  3.41421  3.68077  3.37552  1.99968  3.04395  3.90032  2.30394  3.85543  2.85644  2.76690  2.71345  2.90282  2.38932  5.29811  3.99474     30 k - - -
          2.68618  4.42225  2.77519  2.73123  3.46354  2.40513  3.72494  3.29354  2.67741  2.69355  4.24690  2.90347  2.73739  3.18146  2.89801  2.37887  2.77519  2.98518  4.58477  3.61503
          0.02759  3.99999  4.72234  0.61958  0.77255  0.48576  0.95510
     31   1.74980  4.17425  3.59341  3.16284  3.86624  3.14183  4.11450  3.00656  3.12322  2.89597  3.80737  3.37268  3.79601  3.42616  3.43481  1.92874  2.74449  1.98964  5.30786  4.08754     31 a - - -
          2.68618  4.42225  2.77519  2.73123  3.46354  2.40513  3.72494  3.29354  2.67741  2.69355  4.24690  2.90347  2.73739  3.18146  2.89801  2.37887  2.77519  2.98518  4.58477  3.61503
          0.02759  3.99999  4.72234  0.61958  0.77255  0.48576  0.95510
     32   2.59127  4.75040  2.76433  1.96973  4.20104  3.27355  3.73246  3.59963  2.56282  3.22395  4.05497  2.93329  3.79834  2.90248  3.00397  2.10185  2.17563  3.23610  5.46150  4.12665     32 e - - -
          2.68618  4.42225  2.77519  2.73123  3.46354  2.40513  3.72494  3.29354  2.67741  2.69355  4.24690  2.90347  2.73739  3.18146  2.89801  2.37887  2.77519  2.98518  4.58477  3.61503
          0.02759  3.99999  4.72234  0.61958  0.77255  0.48576  0.95510
     33   2.27191  4.24157  3.22055  3.00691  4.37775  1.88425  4.18515  3.84969  3.15982  3.51430  4.33828  3.23379  3.70203  3.44468  3.49374  1.33085  2.75850  3.27443  5.69319  4.45430     33 s - - -
          2.68618  4.42225  2.77519  2.73123  3.46354  2.40513  3.72494  3.29354  2.67741  2.69355  4.24690  2.90347  2.73739  3.18146  2.89801  2.37887  2.77519  2.98518  4.58477  3.61503
          0.02759  3.99999  4.72234  0.61958  0.77255  0.48576  0.95510
     34   3.30049  4.72582  4.39378  4.03571  3.18817  4.14311  4.65153  2.40079  3.80219  0.73278  3.17401  4.29876  4.55752  4.13994  3.95679  3.73108  3.58949  2.47095  5.11217  3.86443     34 l - - -
          2.68618  4.42225  2.77519  2.73123  3.46354  2.40513  3.72494  3.29354  2.67741  2.69355  4.24690  2.90347  2.73739  3.18146  2.89801  2.37887  2.77519  2.98518  4.58477  3.61503
          0.02759  3.99999  4.72234  0.61958  0.77255  0.48576  0.95510
     35   3.13386  4.44508  4.80350  4.26633  3.37187  4.47547  4.91039  1.46720  4.15180  1.49856  3.17369  4.50460  4.72782  4.35521  4.32523  3.83326  3.37750  1.44183  5.35885  4.21002     35 v - - -
          2.68618  4.42225  2.77519  2.73123  3.46354  2.40513  3.72494  3.29354  2.67741  2.69355  4.24690  2.90347  2.73739  3.18146  2.89801  2.37887  2.77519  2.98518  4.58477  3.61503
          0.02759  3.99999  4.72234  0.61958  0.77255  0.48576  0.95510
     36   2.83110  4.82646  3.20541  2.70610  3.59303  3.56143  3.65464  3.44399  1.55912  3.02328  3.94084  3.14983  3.97152  2.91225  2.60067  2.89074  3.05280  3.17931  4.97679  2.38566     36 k - - -
          2.68618  4.42225  2.77519  2.73123  3.46354  2.40513  3.72494  3.29354  2.67741  2.69355  4.24690  2.90347  2.73739  3.18146  2.89801  2.37887  2.77519  2.98518  4.58477  3.61503
          0.02759  3.99999  4.72234  0.61958  0.77255  0.48576  0.95510
     37   2.73872  0.71478  4.28556  4.05532  4.01899  3.33347  4.67451  3.18536  3.88343  3.09445  4.22043  4.00843  4.05035  4.22440  3.98471  3.01040  3.21633  2.92099  5.40662  4.30539     37 c - - -
          2.68618  4.42225  2.77519  2.73123  3.46354  2.40513  3.72494  3.29354  2.67741  2.69355  4.24690  2.90347  2.73739  3.18146  2.89801  2.37887  2.77519  2.98518  4.58477  3.61503
          0.02759  3.99999  4.72234  0.61958  0.77255  0.48576  0.95510
     38   2.65191  4.67662  3.09257  2.67349  4.13725  3.36354  3.77330  3.43980  1.91582  3.12117  4.00694  3.10699  3.87615  2.96033  2.72750  2.73921  1.72356  3.12329  5.38183  4.11521     38 t - - -
          2.68618  4.42225  2.77519  2.73123  3.46354  2.40513  3.72494  3.29354  2.67741  2.69355  4.24690  2.90347  2.73739  3.18146  2.89801  2.37887  2.77519  2.98518  4.58477  3.61503
          0.02759  3.99999  4.72234  0.61958  0.77255  0.48576  0.95510
     39   2.78518  4.99910  1.75243  2.34474  4.59886  1.49140  3.90146  4.11162  2.91180  3.68950  4.55025  2.87831  3.84501  3.09779  3.43290  2.78115  3.13928  3.66857  5.80144  4.43981     39 g - - -
          2.68618  4.42225  2.77519  2.73123  3.46354  2.40513  3.72494  3.29354  2.67741  2.69355  4.24690  2.90347  2.73739  3.18146  2.89801  2.37887  2.77519  2.98518  4.58477  3.61503
          0.02759  3.99999  4.72234  0.61958  0.77255  0.48576  0.95510
     40   2.80261  5.21617  2.54542  1.82020  4.54380  3.34679  3.64848  3.99837  1.91749  3.49896  4.31004  2.19645  3.84102  2.78530  2.78312  2.74890  3.04436  3.60824  5.63909  4.25890     40 e - - -
          2.68618  4.42225  2.77519  2.73123  3.46354  2.40513  3.72494  3.29354  2.67741  2.69355  4.24690  2.90347  2.73739  3.18146  2.89801  2.37887  2.77519  2.98518  4.58477  3.61503
          0.02759  3.99999  4.72234  0.61958  0.77255  0.48576  0.95510
     41   2.82589  4.31238  4.08937  3.54263  2.95399  3.89754  4.04957  2.37721  3.40530  1.69690  3.21138  3.79316  4.24672  3.66247  3.62513  3.19997  3.06270  1.85909  4.62581  2.30298     41 l - - -
          2.68618  4.42225  2.77519  2.73123  3.46354  2.40513  3.72494  3.29354  2.67741  2.69355  4.24690  2.90347  2.73739  3.18146  2.89801  2.37887  2.77519  2.98518  4.58477  3.61503
          0.02759  3.99999  4.72234  0.61958  0.77255  0.48576  0.95510
     42   2.29787  1.48494  3.91809  3.60296  4.06914  1.78708  4.40083  3.39360  3.51583  3.19521  4.09765  3.57390  3.77646  3.80212  3.71536  2.52529  2.78838  2.97019  5.45324  4.30879     42 c - - -
          2.68618  4.42225  2.77519  2.73123  3.46354  2.40513  3.72494  3.29354  2.67741  2.69355  4.24690  2.90347  2.73739  3.18146  2.89801  2.37887  2.77519  2.98518  4.58477  3.61503
          0.02759  3.99999  4.72234  0.61958  0.77255  0.48576  0.95510
     43   2.67810  4.87124  2.58349  1.85936  4.35470  3.24222  3.78372  3.79381  2.63907  3.40143  4.24972  2.89546  3.82138  2.96239  3.08062  1.60878  2.99649  3.40734  5.60008  4.23710     43 s - - -
          2.68618  4.42225  2.77519  2.73123  3.46354  2.40513  3.72494  3.29354  2.67741  2.69355  4.24690  2.90347  2.73739  3.18146  2.89801  2.37887  2.77519  2.98518  4.58477  3.61503
          0.02759  3.99999  4.72234  0.61958  0.77255  0.48576  0.95510
     44   2.89257  5.19066  2.74105  1.90622  4.55434  3.43525  3.65882  3.96080  1.45118  3.46529  4.30989  2.93837  3.90839  2.80095  2.54008  2.85505  3.11841  3.60414  5.57959  4.27510     44 k - - -
          2.68618  4.42225  2.77519  2.73123  3.46354  2.40513  3.72494  3.29354  2.67741  2.69355  4.24690  2.90347  2.73739  3.18146  2.89801  2.37887  2.77519  2.98518  4.58477  3.61503
          0.02759  3.99999  4.72234  0.61958  0.77255  0.48576  0.95510
     45   2.84081  2.54923  4.53890  4.00046  3.45253  4.05188  4.58597  1.56333  3.87765  2.18374  3.33915  4.16431  4.43654  4.11355  4.05213  3.40479  3.11149  1.45209  5.18939  3.99003     45 v - - -
          2.68618  4.42225  2.77519  2.73123  3.46354  2.40513  3.72494  3.29354  2.67741  2.69355  4.24690  2.90347  2.73739  3.18146  2.89801  2.37887  2.77519  2.98518  4.58477  3.61503
          0.02759  3.99999  4.72234  0.61958  0.77255  0.48576  0.95510
     46   2.76928  5.20163  1.92028  1.75767  4.51493  3.27394  3.68902  3.96917  2.58207  3.51566  4.33067  2.76115  3.81127  2.83648  3.10992  2.71340  2.28850  3.57582  5.70313  4.27243     46 e - - -
          2.68618  4.42225  2.77519  2.73123  3.46354  2.40513  3.72494  3.29354  2.67741  2.69355  4.24690  2.90347  2.73739  3.18146  2.89801  2.37887  2.77519  2.98518  4.58477  3.61503
          0.02759  3.99999  4.72234  0.61958  0.77255  0.48576  0.95510
     47   3.12426  4.48286  4.66453  4.12711  3.24413  4.36499  4.75226  1.30917  3.96870  1.69922  2.20684  4.37806  4.63574  4.18950  4.13933  3.71968  3.36729  1.94781  5.21954  4.07719     47 i - - -
          2.68618  4.42225  2.77519  2.73123  3.46354  2.40513  3.72494  3.29354  2.67741  2.69355  4.24690  2.90347  2.73739  3.18146  2.89801  2.37887  2.77519  2.98518  4.58477  3.61503
          0.02759  3.99999  4.72234  0.61958  0.77255  0.48576  0.95510
     48   2.65757  4.74917  2.99970  2.53206  4.03754  3.41854  3.67751  3.38219  1.94511  3.04781  3.90355  2.37234  3.85705  2.85171  2.75031  2.71593  2.90484  2.39300  5.29931  3.99740     48 k - - -
          2.68618  4.42225  2.77519  2.73123  3.46354  2.40513  3.72494  3.29354  2.67741  2.69355  4.24690  2.90347  2.73739  3.18146  2.89801  2.37887  2.77519  2.98518  4.58477  3.61503
          0.02759  3.99999  4.72234  0.61958  0.77255  0.48576  0.95510
     49   1.89147  4.43249  3.06285  2.70804  4.14659  3.14543  3.90057  3.49981  2.77403  3.19552  4.03820  2.15614  3.76073  3.10881  3.16897  2.53798  2.08616  3.09891  5.46273  4.18052     49 a - - -
          2.68618  4.42225  2.77519  2.73123  3.46354  2.40513  3.72494  3.29354  2.67741  2.69355  4.24690  2.90347  2.73739  3.18146  2.89801  2.37887  2.77519  2.98518  4.58477  3.61503
          0.02759  3.99999  4.72234  0.61958  0.77255  0.48576  0.95510
     50   2.83045  4.59176  3.53022  3.44657  4.58372  0.55690  4.55772  4.21564  3.64509  3.85339  4.83120  3.69471  3.98692  3.95928  3.86585  3.00625  3.32163  3.71937  5.64383  4.69041     50 G - - -
          2.68618  4.42225  2.77519  2.73123  3.46354  2.40513  3.72494  3.29354  2.67741  2.69355  4.24690  2.90347  2.73739  3.18146  2.89801  2.37887  2.77519  2.98518  4.58477  3.61503
          0.02759  3.99999  4.72234  0.61958  0.77255  0.48576  0.95510
     51   3.59680  4.85408  4.56521  4.24051  1.40259  4.35165  3.46754  3.29792  4.09189  2.63821  3.89962  4.03633  4.66565  4.08417  4.14489  3.71876  3.82064  3.22021  3.61582  1.10334     51 y - - -
          2.68618  4.42225  2.77519  2.73123  3.46354  2.40513  3.72494  3.29354  2.67741  2.69355  4.24690  2.90347  2.73739  3.18146  2.89801  2.37887  2.77519  2.98518  4.58477  3.61503
          0.02759  3.99999  4.72234  0.61958  0.77255  0.48576  0.95510
     52   3.43553  4.87272  4.02839  3.78303  2.30768  3.98016  3.68461  3.42740  3.63695  2.84807  4.08948  3.88340  4.45168  3.91217  3.79393  3.55899  3.72319  3.30417  3.95586  0.77750     52 y - - -
          2.68618  4.42225  2.77519  2.73123  3.46354  2.40513  3.72494  3.29354  2.67741  2.69355  4.24690  2.90347  2.73739  3.18146  2.89801  2.37887  2.77519  2.98518  4.58477  3.61503
          0.02759  3.99999  4.72234  0.61958  0.77255  0.48576  0.95510
     53   3.05153  4.44758  4.54410  4.04881  3.37736  4.24433  4.74094  1.92372  3.89078  1.54592  3.24257  4.29287  4.59470  4.17472  4.09426  3.62557  3.32268  1.21486  5.30257  4.08568     53 v - - -
          2.68618  4.42225  2.77519  2.73123  3.46354  2.40513  3.72494  3.29354  2.67741  2.69355  4.24690  2.90347  2.73739  3.18146  2.89801  2.37887  2.77519  2.98518  4.58477  3.61503
          0.02759  3.99999  4.72234  0.61958  0.77255  0.48576  0.95510
     54   2.27191  4.24157  3.22055  3.00691  4.37775  1.88425  4.18515  3.84969  3.15982  3.51430  4.33828  3.23379  3.70203  3.44468  3.49374  1.33085  2.75850  3.27443  5.69319  4.45430     54 s - - -
          2.68618  4.42225  2.77519  2.73123  3.46354  2.40513  3.72494  3.29354  2.67741  2.69355  4.24690  2.90347  2.73739  3.18146  2.89801  2.37887  2.77519  2.98518  4.58477  3.61503
          0.02759  3.99999  4.72234  0.61958  0.77255  0.48576  0.95510
     55   2.27479  4.24171  3.20656  3.01294  4.38971  1.46072  4.20059  3.86474  3.18430  3.53199  4.35849  3.23693  3.70389  3.46507  3.51378  1.66545  2.76541  3.28433  5.70618  4.46886     55 g - - -
          2.68618  4.42225  2.77519  2.73123  3.46354  2.40513  3.72494  3.29354  2.67741  2.69355  4.24690  2.90347  2.73739  3.18146  2.89801  2.37887  2.77519  2.98518  4.58477  3.61503
          0.02759  3.99999  4.72234  0.61958  0.77255  0.48576  0.95510
     56   2.95074  5.51010  1.63356  1.33730  4.79774  3.22997  3.77082  4.31303  2.78195  3.81886  4.67331  2.69603  3.84937  2.93737  3.37187  2.83581  3.23862  3.88958  5.96929  4.47173     56 e - - -
          2.68618  4.42225  2.77519  2.73123  3.46354  2.40513  3.72494  3.29354  2.67741  2.69355  4.24690  2.90347  2.73739  3.18146  2.89801  2.37887  2.77519  2.98518  4.58477  3.61503
          0.02759  3.99999  4.72234  0.61958  0.77255  0.48576  0.95510
     57   2.38501  4.26925  3.38851  2.94740  3.84756  3.19141  3.97247  3.13236  2.92117  2.90252  3.79239  3.25740  2.47780  3.24763  3.26944  1.99001  2.76263  2.04796  5.25535  4.00888     57 s - - -
          2.68618  4.42225  2.77519  2.73123  3.46354  2.40513  3.72494  3.29354  2.67741  2.69355  4.24690  2.90347  2.73739  3.18146  2.89801  2.37887  2.77519  2.98518  4.58477  3.61503
          0.02759  3.99999  4.72234  0.61958  0.77255  0.48576  0.95510
     58   2.79986  5.22765  1.80299  2.17758  4.63278  2.28132  3.74889  4.13626  2.70695  3.65974  4.48432  1.99757  3.81578  2.90911  3.26092  2.73873  3.09816  3.70497  5.82642  4.37176     58 d - - -
          2.68618  4.42225  2.77519  2.73123  3.46354  2.40513  3.72494  3.29354  2.67741  2.69355  4.24690  2.90347  2.73739  3.18146  2.89801  2.37887  2.77519  2.98518  4.58477  3.61503
          0.02759  3.99999  4.72234  0.61958  0.77255  0.48576  0.95510
     59   2.85493  5.08767  2.83132  2.48687  4.47018  3.42891  3.67090  3.91652  1.43596  3.43273  4.27957  2.20665  3.90849  2.82068  2.51939  2.84162  3.09592  3.55603  5.52874  4.22700     59 k - - -
          2.68618  4.42225  2.77519  2.73123  3.46354  2.40513  3.72494  3.29354  2.67741  2.69355  4.24690  2.90347  2.73739  3.18146  2.89801  2.37887  2.77519  2.98518  4.58477  3.61503
          0.02759  3.99999  4.72234  0.61958  0.77255  0.48576  0.95510
     60   2.07589  4.69422  2.97307  2.54131  4.15932  3.31412  3.72189  3.54407  1.98586  3.16466  4.00148  3.00950  2.53636  2.89077  2.83097  2.64553  2.87484  3.19048  5.39734  4.09728     60 k - - -
          2.68618  4.42225  2.77519  2.73123  3.46354  2.40513  3.72494  3.29354  2.67741  2.69355  4.24690  2.90347  2.73739  3.18146  2.89801  2.37887  2.77519  2.98518  4.58477  3.61503
          0.02759  3.99999  4.72234  0.61958  0.77255  0.48576  0.95510
     61   3.24862  4.58155  4.78056  4.25477  3.17823  4.50406  4.85573  1.56454  4.08263  1.08641  3.00364  4.51566  4.73386  4.28237  4.23677  3.87611  3.48713  2.01548  5.23059  4.08406     61 l - - -
          2.68618  4.42225  2.77519  2.73123  3.46354  2.40513  3.72494  3.29354  2.67741  2.69355  4.24690  2.90347  2.73739  3.18146  2.89801  2.37887  2.77519  2.98518  4.58477  3.61503
          0.02759  3.99999  4.72234  0.61958  0.77255  0.48576  0.95510
     62   3.09647  4.42005  4.77734  4.28569  3.54014  4.42393  5.00139  1.17180  4.16707  2.03442  3.34912  4.50721  4.74256  4.43337  4.36530  3.81489  3.36507  1.33446  5.51484  4.31139     62 i - - -
          2.68618  4.42225  2.77519  2.73123  3.46354  2.40513  3.72494  3.29354  2.67741  2.69355  4.24690  2.90347  2.73739  3.18146  2.89801  2.37887  2.77519  2.98518  4.58477  3.61503
          0.02759  3.99999  4.72234  0.61958  0.77255  0.48576  0.95510
     63   2.70302  4.83746  2.88955  2.47378  3.75191  3.43175  3.63662  3.49927  2.43831  3.08468  3.94340  2.34604  3.86619  2.21547  2.83658  2.73397  2.94006  3.19388  5.11634  2.64285     63 q - - -
          2.68618  4.42225  2.77519  2.73123  3.46354  2.40513  3.72494  3.29354  2.67741  2.69355  4.24690  2.90347  2.73739  3.18146  2.89801  2.37887  2.77519  2.98518  4.58477  3.61503
          0.02759  3.99999  4.72234  0.61958  0.77255  0.48576  0.95510
     64   2.73872  0.71478  4.28556  4.05532  4.01899  3.33347  4.67451  3.18536  3.88343  3.09445  4.22043  4.00843  4.05035  4.22440  3.98471  3.01040  3.21633  2.92099  5.40662  4.30539     64 c - - -
          2.68618  4.42225  2.77519  2.73123  3.46354  2.40513  3.72494  3.29354  2.67741  2.69355  4.24690  2.90347  2.73739  3.18146  2.89801  2.37887  2.77519  2.98518  4.58477  3.61503
          0.02759  3.99999  4.72234  0.61958  0.77255  0.48576  0.95510
     65   2.75721  4.56275  2.28448  2.80089  3.71088  3.56724  3.98256  1.63330  2.94914  2.61041  3.67158  3.26901  4.04012  3.24977  3.34976  2.94639  3.02748  2.40337  5.24847  3.94101     65 i - - -
          2.68618  4.42225  2.77519  2.73123  3.46354  2.40513  3.72494  3.29354  2.67741  2.69355  4.24690  2.90347  2.73739  3.18146  2.89801  2.37887  2.77519  2.98518  4.58477  3.61503
          0.02759  3.99999  4.72234  0.61958  0.77255  0.48576  0.95510
     66   2.56215  4.71004  2.80098  2.48086  4.27154  2.33669  3.76521  3.71845  2.56923  3.30857  4.13135  2.95782  3.78833  2.14676  2.98619  2.04931  2.88710  3.31443  5.51009  4.17988     66 s - - -
          2.68618  4.42225  2.77519  2.73123  3.46354  2.40513  3.72494  3.29354  2.67741  2.69355  4.24690  2.90347  2.73739  3.18146  2.89801  2.37887  2.77519  2.98518  4.58477  3.61503
          0.02759  3.99999  4.72234  0.61958  0.77255  0.48576  0.95510
     67   2.80174  4.66769  3.10267  2.04510  3.67602  3.56375  3.88172  2.90192  2.71642  1.63258  3.63535  3.22151  4.01462  3.13005  3.06358  2.94010  3.05237  2.74575  5.18989  3.89981     67 l - - -
          2.68618  4.42225  2.77519  2.73123  3.46354  2.40513  3.72494  3.29354  2.67741  2.69355  4.24690  2.90347  2.73739  3.18146  2.89801  2.37887  2.77519  2.98518  4.58477  3.61503
          0.02759  3.99999  4.72234  0.61958  0.77255  0.48576  0.95510
     68   3.09535  4.41735  4.78076  4.28819  3.54532  4.42667  5.00406  1.19475  4.17117  2.04138  3.35351  4.50935  4.74422  4.43706  4.36968  3.81696  3.36352  1.30261  5.51824  4.31459     68 i - - -
          2.68618  4.42225  2.77519  2.73123  3.46354  2.40513  3.72494  3.29354  2.67741  2.69355  4.24690  2.90347  2.73739  3.18146  2.89801  2.37887  2.77519  2.98518  4.58477  3.61503
          0.02759  3.99999  4.72234  0.61958  0.77255  0.48576  0.95510
     69   2.82223  5.21667  1.89273  2.26879  4.54368  3.32089  3.69322  4.01249  1.59280  3.53697  4.36420  2.82113  3.84651  2.84086  2.91566  2.76862  3.07992  3.62349  5.67361  4.28200     69 k - - -
          2.68618  4.42225  2.77519  2.73123  3.46354  2.40513  3.72494  3.29354  2.67741  2.69355  4.24690  2.90347  2.73739  3.18146  2.89801  2.37887  2.77519  2.98518  4.58477  3.61503
          0.02759  3.99999  4.72234  0.61958  0.77255  0.48576  0.95510
     70   2.29787  1.48494  3.91809  3.60296  4.06914  1.78708  4.40083  3.39360  3.51583  3.19521  4.09765  3.57390  3.77646  3.80212  3.71536  2.52529  2.78838  2.97019  5.45324  4.30879     70 c - - -
          2.68618  4.42225  2.77519  2.73123  3.46354  2.40513  3.72494  3.29354  2.67741  2.69355  4.24690  2.90347  2.73739  3.18146  2.89801  2.37887  2.77519  2.98518  4.58477  3.61503
          0.02759  3.99999  4.72234  0.61958  0.77255  0.48576  0.95510
     71   2.36669  4.20922  3.54195  3.08943  3.82222  3.18986  4.05440  2.98050  3.03754  2.85095  3.76252  3.34383  3.81272  3.35593  3.36068  1.91213  2.05931  2.02875  5.25961  4.03152     71 s - - -
          2.68618  4.42225  2.77519  2.73123  3.46354  2.40513  3.72494  3.29354  2.67741  2.69355  4.24690  2.90347  2.73739  3.18146  2.89801  2.37887  2.77519  2.98518  4.58477  3.61503
          0.02759  3.99999  4.72234  0.61958  0.77255  0.48576  0.95510
     72   2.48170  4.25429  3.52899  3.03905  3.63208  3.36624  3.97930  2.13877  2.97119  2.64027  3.58213  3.35962  3.89785  3.29910  3.29694  2.12827  2.11671  2.50506  5.10141  3.86678     72 t - - -
          2.68618  4.42225  2.77519  2.73123  3.46354  2.40513  3.72494  3.29354  2.67741  2.69355  4.24690  2.90347  2.73739  3.18146  2.89801  2.37887  2.77519  2.98518  4.58477  3.61503
          0.02759  3.99999  4.72234  0.61958  0.77255  0.48576  0.95510
     73   2.70839  4.94440  1.53971  2.32365  4.41785  3.22826  3.80448  3.79032  2.74077  3.45124  4.31579  2.85548  3.82270  2.98182  3.24369  2.71287  2.10188  3.41321  5.68168  4.28939     73 d - - -
          2.68618  4.42225  2.77519  2.73123  3.46354  2.40513  3.72494  3.29354  2.67741  2.69355  4.24690  2.90347  2.73739  3.18146  2.89801  2.37887  2.77519  2.98518  4.58477  3.61503
          0.02759  3.99999  4.72234  0.61958  0.77255  0.48576  0.95510
     74   2.44577  4.50763  2.91784  2.61975  4.25085  2.22004  3.88274  3.67294  2.75814  3.30928  4.13620  2.19512  3.75601  3.07929  3.17116  2.54525  2.02657  3.23615  5.53606  4.23417     74 t - - -
          2.68618  4.42225  2.77519  2.73123  3.46354  2.40513  3.72494  3.29354  2.67741  2.69355  4.24690  2.90347  2.73739  3.18146  2.89801  2.37887  2.77519  2.98518  4.58477  3.61503
          0.02759  3.99999  4.72234  0.61958  0.77255  0.48576  0.95510
     75   2.27050  4.21318  3.37643  3.06628  4.20633  2.99744  4.14447  3.55951  3.08095  3.29521  4.15248  3.27438  3.71826  3.40856  3.39910  1.39941  1.86267  3.08556  5.56391  4.32683     75 s - - -
          2.68618  4.42225  2.77519  2.73123  3.46354  2.40513  3.72494  3.29354  2.67741  2.69355  4.24690  2.90347  2.73739  3.18146  2.89801  2.37887  2.77519  2.98518  4.58477  3.61503
          0.02759  3.99999  4.72234  0.61958  0.77255  0.48576  0.95510
     76   2.71069  4.79274  2.88528  2.60034  4.36948  1.63146  3.82445  3.80362  1.84891  3.39475  4.25426  3.05894  3.87091  3.00927  2.83703  2.76586  3.03275  3.41873  5.53372  4.26618     76 g - - -
          2.68618  4.42225  2.77519  2.73123  3.46354  2.40513  3.72494  3.29354  2.67741  2.69355  4.24690  2.90347  2.73739  3.18146  2.89801  2.37887  2.77519  2.98518  4.58477  3.61503
          0.02759  3.99999  4.72234  0.61958  0.77255  0.48576  0.95510
     77   2.68633  4.94322  2.74410  2.39438  4.35009  3.33300  3.67086  3.79301  1.94911  3.34376  4.16028  2.19039  3.82445  2.81874  2.77761  2.12735  2.95291  3.41389  5.51260  4.16951     77 k - - -
          2.68618  4.42225  2.77519  2.73123  3.46354  2.40513  3.72494  3.29354  2.67741  2.69355  4.24690  2.90347  2.73739  3.18146  2.89801  2.37887  2.77519  2.98518  4.58477  3.61503
          0.02759  3.99999  4.72234  0.61958  0.77255  0.48576  0.95510
     78   3.12425  4.47587  4.65958  4.14789  2.15465  4.31648  4.50037  1.34160  4.02037  1.75127  3.10171  4.32490  4.60188  4.17888  4.16050  3.67376  3.36686  2.05145  4.85637  3.48358     78 i - - -
          2.68618  4.42225  2.77519  2.73123  3.46354  2.40513  3.72494  3.29354  2.67741  2.69355  4.24690  2.90347  2.73739  3.18146  2.89801  2.37887  2.77519  2.98518  4.58477  3.61503
          0.02759  3.99999  4.72234  0.61958  0.77255  0.48576  0.95510
     79   2.60221  4.53535  3.10222  2.15405  3.82679  3.42759  3.80043  2.94322  2.66302  2.80566  3.72297  3.12284  3.88822  3.02060  3.06082  2.73441  2.28751  2.12764  5.22160  3.94070     79 v - - -
          2.68618  4.42225  2.77519  2.73123  3.46354  2.40513  3.72494  3.29354  2.67741  2.69355  4.24690  2.90347  2.73739  3.18146  2.89801  2.37887  2.77519  2.98518  4.58477  3.61503
          0.02759  3.99999  4.72234  0.61958  0.77255  0.48576  0.95510
     80   2.73872  0.71478  4.28556  4.05532  4.01899  3.33347  4.67451  3.18536  3.88343  3.09445  4.22043  4.00843  4.05035  4.22440  3.98471  3.01040  3.21633  2.92099  5.40662  4.30539     80 c - - -
          2.68618  4.42225  2.77519  2.73123  3.46354  2.40513  3.72494  3.29354  2.67741  2.69355  4.24690  2.90347  2.73739  3.18146  2.89801  2.37887  2.77519  2.98518  4.58477  3.61503
          0.02759  3.99999  4.72234  0.61958  0.77255  0.48576  0.95510
     81   2.85368  5.08767  2.82803  2.48465  4.46964  3.42762  3.67096  3.91637  1.44412  3.43282  4.27935  2.19272  3.90757  2.82073  2.52276  2.84017  3.09492  3.55560  5.52938  4.22674     81 k - - -
          2.68618  4.42225  2.77519  2.73123  3.46354  2.40513  3.72494  3.29354  2.67741  2.69355  4.24690  2.90347  2.73739  3.18146  2.89801  2.37887  2.77519  2.98518  4.58477  3.61503
          0.02759  3.99999  4.72234  0.61958  0.77255  0.48576  0.95510
     82   3.06652  5.19908  2.54779  0.85681  4.56199  3.35954  3.95940  4.04142  2.85631  3.63875  4.60876  3.01161  3.97066  3.17341  3.27719  3.03690  3.37225  3.71271  5.70956  4.43374     82 e - - -
          2.68620  4.42227  2.77522  2.73125  3.46356  2.40515  3.72496  3.29356  2.67743  2.69357  4.24541  2.90349  2.73742  3.18148  2.89803  2.37889  2.77522  2.98520  4.58479  3.61505
          0.18514  1.83184  4.72234  0.30705  1.33034  0.48576  0.95510
     83   2.84222  5.10678  2.80513  1.59626  4.45117  3.43261  3.66083  3.87792  2.24620  3.39543  4.23962  2.95716  3.89557  2.80559  1.95396  2.82170  3.07306  3.52684  5.52360  4.21796     84 e - - -
          2.68618  4.42225  2.77519  2.73123  3.46354  2.40513  3.72494  3.29354  2.67741  2.69355  4.24690  2.90347  2.73739  3.18146  2.89801  2.37887  2.77519  2.98518  4.58477  3.61503
          0.02759  3.99999  4.72234  0.61958  0.77255  0.48576  0.95510
     84   2.69698  4.49784  3.35638  2.91991  3.64815  3.53493  3.92644  2.75717  2.74831  2.56104  3.61759  3.32431  4.00502  2.26542  3.05911  2.88842  2.97676  1.67123  5.15145  3.87278     85 v - - -
          2.68618  4.42225  2.77519  2.73123  3.46354  2.40513  3.72494  3.29354  2.67741  2.69355  4.24690  2.90347  2.73739  3.18146  2.89801  2.37887  2.77519  2.98518  4.58477  3.61503
          0.02759  3.99999  4.72234  0.61958  0.77255  0.48576  0.95510
     85   2.52431  4.28611  3.47422  2.97892  2.42769  3.41918  3.89232  2.84122  2.93400  2.54721  3.50484  3.32815  2.67171  3.24501  3.26820  2.74169  2.20967  2.61235  4.93433  3.64066     86 t - - -
          2.68618  4.42225  2.77519  2.73123  3.46354  2.40513  3.72494  3.29354  2.67741  2.69355  4.24690  2.90347  2.73739  3.18146  2.89801  2.37887  2.77519  2.98518  4.58477  3.61503
          0.02759  3.99999  4.72234  0.61958  0.77255  0.48576  0.95510
     86   2.85493  5.08767  2.83132  2.48687  4.47018  3.42891  3.67090  3.91652  1.43596  3.43273  4.27957  2.20665  3.90849  2.82068  2.51939  2.84162  3.09592  3.55603  5.52874  4.22700     87 k - - -
          2.68618  4.42225  2.77519  2.73123  3.46354  2.40513  3.72494  3.29354  2.67741  2.69355  4.24690  2.90347  2.73739  3.18146  2.89801  2.37887  2.77519  2.98518  4.58477  3.61503
          0.02759  3.99999  4.72234  0.61958  0.77255  0.48576  0.95510
     87   2.68497  4.84253  2.90825  2.00851  4.11064  3.42581  3.65368  3.43493  1.98876  3.09127  3.94279  2.96944  3.85305  2.81355  2.74831  2.71824  2.91919  2.43727  5.34836  4.03505     88 k - - -
          2.68618  4.42225  2.77519  2.73123  3.46354  2.40513  3.72494  3.29354  2.67741  2.69355  4.24690  2.90347  2.73739  3.18146  2.89801  2.37887  2.77519  2.98518  4.58477  3.61503
          0.02759  3.99999  4.72234  0.61958  0.77255  0.48576  0.95510
     88   2.83045  4.59176  3.53022  3.44657  4.58372  0.55690  4.55772  4.21564  3.64509  3.85339  4.83120  3.69471  3.98692  3.95928  3.86585  3.00625  3.32163  3.71937  5.64383  4.69041     89 G - - -
          2.68618  4.42225  2.77519  2.73123  3.46354  2.40513  3.72494  3.29354  2.67741  2.69355  4.24690  2.90347  2.73739  3.18146  2.89801  2.37887  2.77519  2.98518  4.58477  3.61503
          0.02759  3.99999  4.72234  0.61958  0.77255  0.48576  0.95510
     89   2.74753  4.26422  3.97669  3.43845  2.13318  3.75807  3.81010  2.67192  3.31488  2.29489  3.32779  3.64965  4.13787  3.55246  3.53165  3.05844  2.25967  2.51036  2.60958  2.83136     90 f - - -
          2.68618  4.42225  2.77519  2.73123  3.46354  2.40513  3.72494  3.29354  2.67741  2.69355  4.24690  2.90347  2.73739  3.18146  2.89801  2.37887  2.77519  2.98518  4.58477  3.61503
          0.02759  3.99999  4.72234  0.61958  0.77255  0.48576  0.95510
     90   3.56893  4.83024  4.57293  4.24322  1.10769  4.34354  3.48722  3.24382  4.09313  2.58302  3.84762  4.04417  4.65739  4.08711  4.14335  3.71080  3.79356  3.17414  3.63729  1.43605     91 f - - -
          2.68618  4.42225  2.77519  2.73123  3.46354  2.40513  3.72494  3.29354  2.67741  2.69355  4.24690  2.90347  2.73739  3.18146  2.89801  2.37887  2.77519  2.98518  4.58477  3.61503
          0.02759  3.99999  4.72234  0.61958  0.77255  0.48576  0.95510
     91   3.12298  4.48376  4.65871  4.11997  3.23538  4.35957  4.74285  1.34313  3.96161  1.68992  2.13891  4.37140  4.62995  4.18038  4.13159  3.71299  3.36539  1.96254  5.20985  4.06958     92 i - - -
          2.68618  4.42225  2.77519  2.73123  3.46354  2.40513  3.72494  3.29354  2.67741  2.69355  4.24690  2.90347  2.73739  3.18146  2.89801  2.37887  2.77519  2.98518  4.58477  3.61503
          0.02759  3.99999  4.72234  0.61958  0.77255  0.48576  0.95510
     92   2.53712  4.63530  2.73096  2.54096  4.31510  3.13839  3.89176  3.84701  2.77485  3.46359  4.30628  1.59380  3.78499  3.09716  3.18540  1.93931  2.92505  3.39013  5.60302  4.24266     93 n - - -
          2.68618  4.42225  2.77519  2.73123  3.46354  2.40513  3.72494  3.29354  2.67741  2.69355  4.24690  2.90347  2.73739  3.18146  2.89801  2.37887  2.77519  2.98518  4.58477  3.61503
          0.02759  3.99999  4.72234  0.61958  0.77255  0.48576  0.95510
     93   0.84453  4.25966  3.59555  3.39450  4.18270  3.08044  4.40100  3.32756  3.41412  3.20312  4.22225  3.51076  3.83188  3.74390  3.65482  2.60952  2.89580  2.95983  5.59710  4.41200     94 a - - -
          2.68618  4.42225  2.77519  2.73123  3.46354  2.40513  3.72494  3.29354  2.67741  2.69355  4.24690  2.90347  2.73739  3.18146  2.89801  2.37887  2.77519  2.98518  4.58477  3.61503
          0.02759  3.99999  4.72234  0.61958  0.77255  0.48576  0.95510
     94   2.91263  5.39573  1.36462  2.13769  4.71357  3.21668  3.78771  4.27293  2.80758  3.79413  4.65151  1.91662  3.84536  2.96271  3.38902  2.81909  3.21685  3.84356  5.92242  4.42799     95 d - - -
          2.68618  4.42225  2.77519  2.73123  3.46354  2.40513  3.72494  3.29354  2.67741  2.69355  4.24690  2.90347  2.73739  3.18146  2.89801  2.37887  2.77519  2.98518  4.58477  3.61503
          0.02759  3.99999  4.72234  0.61958  0.77255  0.48576  0.95510
     95   2.64815  4.88778  2.56434  1.82278  4.38907  2.32355  3.75185  3.83762  2.62375  3.41491  4.23717  2.86162  3.79722  2.91704  3.09816  2.06406  2.95923  3.43223  5.61665  4.24488     96 e - - -
          2.68618  4.42225  2.77519  2.73123  3.46354  2.40513  3.72494  3.29354  2.67741  2.69355  4.24690  2.90347  2.73739  3.18146  2.89801  2.37887  2.77519  2.98518  4.58477  3.61503
          0.02759  3.99999  4.72234  0.61958  0.77255  0.48576  0.95510
     96   2.65306  4.67762  3.06757  2.57928  3.76607  3.44740  3.66819  3.31675  2.02849  2.94694  3.81060  3.05334  3.87024  2.88428  2.80156  2.22428  2.89383  3.03077  5.11237  2.62426     97 k - - -
          2.68618  4.42225  2.77519  2.73123  3.46354  2.40513  3.72494  3.29354  2.67741  2.69355  4.24690  2.90347  2.73739  3.18146  2.89801  2.37887  2.77519  2.98518  4.58477  3.61503
          0.02759  3.99999  4.72234  0.61958  0.77255  0.48576  0.95510
     97   2.77853  4.91439  2.99394  2.58552  4.35519  3.41515  3.71459  3.76584  1.47285  3.32272  4.18184  3.05425  2.38341  2.87420  2.58750  2.80720  3.04118  3.41720  5.46675  4.19839     98 k - - -
          2.68618  4.42225  2.77519  2.73123  3.46354  2.40513  3.72494  3.29354  2.67741  2.69355  4.24690  2.90347  2.73739  3.18146  2.89801  2.37887  2.77519  2.98518  4.58477  3.61503
          0.02759  3.99999  4.72234  0.61958  0.77255  0.48576  0.95510
     98   3.30049  4.72582  4.39378  4.03571  3.18817  4.14311  4.65153  2.40079  3.80219  0.73278  3.17401  4.29876  4.55752  4.13994  3.95679  3.73108  3.58949  2.47095  5.11217  3.86443     99 l - - -
          2.68618  4.42225  2.77519  2.73123  3.46354  2.40513  3.72494  3.29354  2.67741  2.69355  4.24690  2.90347  2.73739  3.18146  2.89801  2.37887  2.77519  2.98518  4.58477  3.61503
          0.02759  3.99999  4.72234  0.61958  0.77255  0.48576  0.95510
     99   3.13109  4.51651  4.51347  4.13536  3.46261  4.20148  4.84116  0.93270  3.96592  2.02432  3.37992  4.36300  4.62188  4.30207  4.14810  3.71044  3.42859  1.85728  5.37869  4.12693    100 i - - -
          2.68618  4.42225  2.77519  2.73123  3.46354  2.40513  3.72494  3.29354  2.67741  2.69355  4.24690  2.90347  2.73739  3.18146  2.89801  2.37887  2.77519  2.98518  4.58477  3.61503
          0.02759  3.99999  4.72234  0.61958  0.77255  0.48576  0.95510
    100   2.63804  4.41696  3.34147  2.85270  3.25381  3.53083  3.75852  2.89923  2.79821  2.62618  3.55641  2.48235  3.95164  3.13836  3.14862  2.81931  2.88904  2.15943  4.75797  2.44227    101 v - - -
          2.68618  4.42225  2.77519  2.73123  3.46354  2.40513  3.72494  3.29354  2.67741  2.69355  4.24690  2.90347  2.73739  3.18146  2.89801  2.37887  2.77519  2.98518  4.58477  3.61503
          0.02759  3.99999  4.72234  0.61958  0.77255  0.48576  0.95510
    101   2.73872  0.71478  4.28556  4.05532  4.01899  3.33347  4.67451  3.18536  3.88343  3.09445  4.22043  4.00843  4.05035  4.22440  3.98471  3.01040  3.21633  2.92099  5.40662  4.30539    102 c - - -
          2.68618  4.42225  2.77519  2.73123  3.46354  2.40513  3.72494  3.29354  2.67741  2.69355  4.24690  2.90347  2.73739  3.18146  2.89801  2.37887  2.77519  2.98518  4.58477  3.61503
          0.02759  3.99999  4.72234  0.61958  0.77255  0.48576  0.95510
    102   2.70365  4.99931  2.56823  1.89276  4.35378  3.30021  3.68914  3.78273  2.51384  3.36107  4.18383  2.15039  3.81460  2.84326  2.97799  2.69174  2.27086  3.41265  5.56355  4.18679    103 e - - -
          2.68620  4.42227  2.77522  2.73126  3.46356  2.40515  3.72497  3.29356  2.67743  2.69357  4.24692  2.90349  2.73742  3.18149  2.89803  2.37889  2.77522  2.98521  4.58479  3.61414
          0.21032  1.71048  4.72234  0.28619  1.39077  0.48576  0.95510
    103   2.72197  5.03465  2.07466  1.85145  4.27266  3.32973  3.67219  3.67997  2.52956  2.44929  4.12249  2.82868  3.82079  2.82702  3.02185  2.70262  2.97241  3.34363  5.51984  4.13096    105 e - - -
          2.68618  4.42225  2.77519  2.73123  3.46354  2.40513  3.72494  3.29354  2.67741  2.69355  4.24690  2.90347  2.73739  3.18146  2.89801  2.37887  2.77519  2.98518  4.58477  3.61503
          0.02759  3.99999  4.72234  0.61958  0.77255  0.48576  0.95510
    104   2.58876  4.63155  3.15666  2.71270  4.18651  3.29719  3.78484  3.63488  2.41506  3.23504  4.08931  3.11805  3.84174  2.97066  1.99346  1.64536  2.91510  3.25744  5.40474  4.12592    106 s - - -
          2.68618  4.42225  2.77519  2.73123  3.46354  2.40513  3.72494  3.29354  2.67741  2.69355  4.24690  2.90347  2.73739  3.18146  2.89801  2.37887  2.77519  2.98518  4.58477  3.61503
          0.02759  3.99999  4.72234  0.61958  0.77255  0.48576  0.95510
    105   2.27674  4.24234  3.20315  3.01592  4.39188  1.40100  4.20573  3.86829  3.19175  3.53697  4.36491  3.23885  3.70521  3.47220  3.51915  1.73391  2.76858  3.28714  5.70888  4.47188    107 g - - -
          2.68618  4.42225  2.77519  2.73123  3.46354  2.40513  3.72494  3.29354  2.67741  2.69355  4.24690  2.90347  2.73739  3.18146  2.89801  2.37887  2.77519  2.98518  4.58477  3.61503
          0.02759  3.99999  4.72234  0.61958  0.77255  0.48576  0.95510
    106   2.73872  0.71478  4.28556  4.05532  4.01899  3.33347  4.67451  3.18536  3.88343  3.09445  4.22043  4.00843  4.05035  4.22440  3.98471  3.01040  3.21633  2.92099  5.40662  4.30539    108 c - - -
          2.68618  4.42225  2.77519  2.73123  3.46354  2.40513  3.72494  3.29354  2.67741  2.69355  4.24690  2.90347  2.73739  3.18146  2.89801  2.37887  2.77519  2.98518  4.58477  3.61503
          0.02759  3.99999  4.72234  0.61958  0.77255  0.48576  0.95510
    107   2.37636  4.20448  3.56309  3.10907  3.79591  3.20707  4.06160  2.92950  3.05406  2.81969  3.73809  3.36055  3.82504  3.37114  3.37244  1.98830  2.06619  1.94548  5.24230  4.01602    109 v - - -
          2.68618  4.42225  2.77519  2.73123  3.46354  2.40513  3.72494  3.29354  2.67741  2.69355  4.24690  2.90347  2.73739  3.18146  2.89801  2.37887  2.77519  2.98518  4.58477  3.61503
          0.02759  3.99999  4.72234  0.61958  0.77255  0.48576  0.95510
    108   2.59127  4.75040  2.76433  1.96973  4.20104  3.27355  3.73246  3.59963  2.56282  3.22395  4.05497  2.93329  3.79834  2.90248  3.00397  2.10185  2.17563  3.23610  5.46150  4.12665    110 e - - -
          2.68618  4.42225  2.77519  2.73123  3.46354  2.40513  3.72494  3.29354  2.67741  2.69355  4.24690  2.90347  2.73739  3.18146  2.89801  2.37887  2.77519  2.98518  4.58477  3.61503
          0.02759  3.99999  4.72234  0.61958  0.77255  0.48576  0.95510
    109   2.77998  4.51734  3.29767  2.21451  3.65013  3.64861  3.99968  1.62489  2.89489  2.49504  3.57606  3.36259  4.08560  3.27730  3.23631  3.00612  3.03473  2.33690  5.19945  3.93237    111 i - - -
          2.68618  4.42225  2.77519  2.73123  3.46354  2.40513  3.72494  3.29354  2.67741  2.69355  4.24690  2.90347  2.73739  3.18146  2.89801  2.37887  2.77519  2.98518  4.58477  3.61503
          0.02759  3.99999  4.72234  0.61958  0.77255  0.48576  0.95510
    110   2.80235  5.21013  2.56304  1.86669  4.54015  3.35278  3.64570  3.99234  1.86890  3.49225  4.30338  2.20210  3.84299  2.78194  2.76217  2.75025  3.04255  3.60354  5.63071  4.25527    112 e - - -
          2.68618  4.42225  2.77519  2.73123  3.46354  2.40513  3.72494  3.29354  2.67741  2.69355  4.24690  2.90347  2.73739  3.18146  2.89801  2.37887  2.77519  2.98518  4.58477  3.61503
          0.18514  3.99999  1.89248  0.61958  0.77255  0.48576  0.95510
    111   2.70398  4.94425  1.69401  2.25312  4.38683  3.17107  3.74996  3.86817  2.69843  3.45784  4.32052  2.79298  2.24733  2.93385  3.20200  2.69374  3.02072  3.47644  5.61283  4.23940    113 d - - -
          2.68618  4.42225  2.77519  2.73123  3.46354  2.40513  3.72494  3.29354  2.67741  2.69355  4.24690  2.90347  2.73739  3.18146  2.89801  2.37887  2.77519  2.98518  4.58477  3.61503
          0.03222  3.84707  4.56942  0.61958  0.77255  0.40862  1.09233
    112   2.80793  4.64989  3.13899  2.11278  3.64560  3.57974  3.89910  2.86572  2.73964  1.57650  3.60672  3.24941  4.02849  3.15546  3.07966  2.95781  3.05876  2.71714  5.17434  3.88910    114 l - - -
          2.68618  4.42225  2.77519  2.73123  3.46354  2.40513  3.72494  3.29354  2.67741  2.69355  4.24690  2.90347  2.73739  3.18146  2.89801  2.37887  2.77519  2.98518  4.58477  3.61503
          0.02759  3.99999  4.72234  0.61958  0.77255  0.48576  0.95510
    113   2.63345  4.43120  3.31141  2.82373  3.29546  3.51974  3.75483  2.91832  2.77375  2.64425  3.57066  2.40373  3.94182  3.11644  3.13075  2.80679  2.88463  2.17316  4.79094  2.54438    115 v - - -
          2.68618  4.42225  2.77519  2.73123  3.46354  2.40513  3.72494  3.29354  2.67741  2.69355  4.24690  2.90347  2.73739  3.18146  2.89801  2.37887  2.77519  2.98518  4.58477  3.61503
          0.02759  3.99999  4.72234  0.61958  0.77255  0.48576  0.95510
    114   2.90560  5.49311  1.68204  1.67313  4.77919  3.23140  3.73499  4.29987  2.71789  3.78510  4.61493  2.02766  3.83149  2.89113  3.30393  2.79407  3.18471  3.86542  5.94063  4.43738    116 e - - -
          2.68618  4.42225  2.77519  2.73123  3.46354  2.40513  3.72494  3.29354  2.67741  2.69355  4.24690  2.90347  2.73739  3.18146  2.89801  2.37887  2.77519  2.98518  4.58477  3.61503
          0.02759  3.99999  4.72234  0.61958  0.77255  0.48576  0.95510
    115   1.61535  4.19735  3.35268  3.14470  4.35726  1.38604  4.26783  3.72171  3.27179  3.45964  4.31255  3.31142  3.71162  3.55188  3.57395  2.43891  2.75815  3.18548  5.69190  4.49217    117 g - - -
          2.68618  4.42225  2.77519  2.73123  3.46354  2.40513  3.72494  3.29354  2.67741  2.69355  4.24690  2.90347  2.73739  3.18146  2.89801  2.37887  2.77519  2.98518  4.58477  3.61503
          0.02759  3.99999  4.72234  0.61958  0.77255  0.48576  0.95510
    116   3.57089  4.85212  4.50044  4.14679  1.94161  4.30243  3.44339  3.41272  3.92733  2.77583  3.98696  3.98296  4.62583  4.00833  4.00737  3.67362  3.79156  3.29627  2.03832  1.09455    118 y - - -
          2.68618  4.42225  2.77519  2.73123  3.46354  2.40513  3.72494  3.29354  2.67741  2.69355  4.24690  2.90347  2.73739  3.18146  2.89801  2.37887  2.77519  2.98518  4.58477  3.61503
          0.02759  3.99999  4.72234  0.61958  0.77255  0.48576  0.95510
    117   3.43553  4.87272  4.02839  3.78303  2.30768  3.98016  3.68461  3.42740  3.63695  2.84807  4.08948  3.88340  4.45168  3.91217  3.79393  3.55899  3.72319  3.30417  3.95586  0.77750    119 y - - -
          2.68618  4.42225  2.77519  2.73123  3.46354  2.40513  3.72494  3.29354  2.67741  2.69355  4.24690  2.90347  2.73739  3.18146  2.89801  2.37887  2.77519  2.98518  4.58477  3.61503
          0.02759  3.99999  4.72234  0.61958  0.77255  0.48576  0.95510
    118   3.07982  4.40716  4.75694  4.26395  3.56420  4.40536  4.98776  1.39442  4.14916  2.07531  3.37562  4.48622  4.73068  4.42105  4.35330  3.79403  3.34940  1.11360  5.52204  4.31183    120 v - - -
          2.68618  4.42225  2.77519  2.73123  3.46354  2.40513  3.72494  3.29354  2.67741  2.69355  4.24690  2.90347  2.73739  3.18146  2.89801  2.37887  2.77519  2.98518  4.58477  3.61503
          0.02759  3.99999  4.72234  0.61958  0.77255  0.48576  0.95510
    119   2.88283  5.32596  1.72290  2.16375  4.65273  3.22410  3.78184  4.20697  2.77688  3.73857  4.59163  1.54319  3.84250  2.95621  3.33815  2.80339  3.18585  3.78457  5.86635  4.38947    121 n - - -
          2.68618  4.42225  2.77519  2.73123  3.46354  2.40513  3.72494  3.29354  2.67741  2.69355  4.24690  2.90347  2.73739  3.18146  2.89801  2.37887  2.77519  2.98518  4.58477  3.61503
          0.02759  3.99999  4.72234  0.61958  0.77255  0.48576  0.95510
    120   2.29637  4.23597  3.31930  3.07104  4.28504  1.48757  4.19055  3.64169  3.14840  3.37459  4.23448  3.28374  3.72908  3.46127  3.46239  2.46843  1.82023  3.14901  5.62142  4.40541    122 g - - -
          2.68618  4.42225  2.77519  2.73123  3.46354  2.40513  3.72494  3.29354  2.67741  2.69355  4.24690  2.90347  2.73739  3.18146  2.89801  2.37887  2.77519  2.98518  4.58477  3.61503
          0.02759  3.99999  4.72234  0.61958  0.77255  0.48576  0.95510
    121   2.81349  5.07886  2.44310  1.39295  4.54324  2.09553  3.81215  4.00961  2.71334  3.58059  4.43588  2.85609  3.85309  2.99002  3.18839  2.79100  3.12307  3.61096  5.72911  4.36202    123 e - - -
          2.68618  4.42225  2.77519  2.73123  3.46354  2.40513  3.72494  3.29354  2.67741  2.69355  4.24690  2.90347  2.73739  3.18146  2.89801  2.37887  2.77519  2.98518  4.58477  3.61503
          0.01865  3.99106        *  0.61958  0.77255  0.00000        *
//
